[15,1,15,17,17,17]
[16,1,15,17,17,17]
[17,1,15,17,17,17]
[18,1,15,17,17,17]
[19,1,15,17,17,17]
[20,1,15,17,17,17]
[21,1,15,17,17,17]
[22,1,15,17,17,17]
[23,1,15,17,17,17]
[24,1,15,17,17,17]
[25,1,15,17,17,17]
[26,1,15,17,17,17]
[27,1,15,17,17,17]
[28,1,15,17,17,17]
[29,1,15,17,17,17]
[30,1,15,17,17,17]
[31,1,15,17,17,17]
[32,1,15,17,17,17]
[33,1,15,17,17,17]
[34,1,15,17,17,17]
[15,1,16,17,17,17]
[34,1,16,17,17,17]
[15,1,17,17,17,17]
[34,1,17,17,17,17]
[15,1,18,17,17,17]
[34,1,18,17,17,17]
[15,1,19,17,17,17]
[34,1,19,17,17,17]
[15,1,20,17,17,17]
[34,1,20,17,17,17]
[15,1,21,17,17,17]
[34,1,21,17,17,17]
[15,1,22,17,17,17]
[34,1,22,17,17,17]
[15,1,23,17,17,17]
[34,1,23,17,17,17]
[15,1,24,17,17,17]
[34,1,24,17,17,17]
[15,1,25,17,17,17]
[34,1,25,17,17,17]
[15,1,26,17,17,17]
[34,1,26,17,17,17]
[15,1,27,17,17,17]
[34,1,27,17,17,17]
[15,1,28,17,17,17]
[34,1,28,17,17,17]
[15,1,29,17,17,17]
[34,1,29,17,17,17]
[15,1,30,17,17,17]
[34,1,30,17,17,17]
[15,1,31,17,17,17]
[34,1,31,17,17,17]
[15,1,32,17,17,17]
[34,1,32,17,17,17]
[15,1,33,17,17,17]
[34,1,33,17,17,17]
[15,1,34,17,17,17]
[16,1,34,17,17,17]
[17,1,34,17,17,17]
[18,1,34,17,17,17]
[19,1,34,17,17,17]
[20,1,34,17,17,17]
[21,1,34,17,17,17]
[22,1,34,17,17,17]
[23,1,34,17,17,17]
[24,1,34,17,17,17]
[25,1,34,17,17,17]
[26,1,34,17,17,17]
[27,1,34,17,17,17]
[28,1,34,17,17,17]
[29,1,34,17,17,17]
[30,1,34,17,17,17]
[31,1,34,17,17,17]
[32,1,34,17,17,17]
[33,1,34,17,17,17]
[34,1,34,17,17,17]
[15,2,15,17,17,17]
[16,2,15,17,17,17]
[17,2,15,17,17,17]
[18,2,15,17,17,17]
[19,2,15,17,17,17]
[20,2,15,17,17,17]
[21,2,15,17,17,17]
[22,2,15,17,17,17]
[23,2,15,17,17,17]
[24,2,15,17,17,17]
[25,2,15,17,17,17]
[26,2,15,17,17,17]
[27,2,15,17,17,17]
[28,2,15,17,17,17]
[29,2,15,17,17,17]
[30,2,15,17,17,17]
[31,2,15,17,17,17]
[32,2,15,17,17,17]
[33,2,15,17,17,17]
[34,2,15,17,17,17]
[15,2,16,17,17,17]
[34,2,16,17,17,17]
[15,2,17,17,17,17]
[34,2,17,17,17,17]
[15,2,18,17,17,17]
[34,2,18,17,17,17]
[15,2,19,17,17,17]
[34,2,19,17,17,17]
[15,2,20,17,17,17]
[34,2,20,17,17,17]
[15,2,21,17,17,17]
[34,2,21,17,17,17]
[15,2,22,17,17,17]
[34,2,22,17,17,17]
[15,2,23,17,17,17]
[34,2,23,17,17,17]
[15,2,24,17,17,17]
[34,2,24,17,17,17]
[15,2,25,17,17,17]
[34,2,25,17,17,17]
[15,2,26,17,17,17]
[34,2,26,17,17,17]
[15,2,27,17,17,17]
[34,2,27,17,17,17]
[15,2,28,17,17,17]
[34,2,28,17,17,17]
[15,2,29,17,17,17]
[34,2,29,17,17,17]
[15,2,30,17,17,17]
[34,2,30,17,17,17]
[15,2,31,17,17,17]
[34,2,31,17,17,17]
[15,2,32,17,17,17]
[34,2,32,17,17,17]
[15,2,33,17,17,17]
[34,2,33,17,17,17]
[15,2,34,17,17,17]
[16,2,34,17,17,17]
[17,2,34,17,17,17]
[18,2,34,17,17,17]
[19,2,34,17,17,17]
[20,2,34,17,17,17]
[21,2,34,17,17,17]
[22,2,34,17,17,17]
[23,2,34,17,17,17]
[24,2,34,17,17,17]
[25,2,34,17,17,17]
[26,2,34,17,17,17]
[27,2,34,17,17,17]
[28,2,34,17,17,17]
[29,2,34,17,17,17]
[30,2,34,17,17,17]
[31,2,34,17,17,17]
[32,2,34,17,17,17]
[33,2,34,17,17,17]
[34,2,34,17,17,17]
[15,3,15,17,17,17]
[16,3,15,17,17,17]
[17,3,15,17,17,17]
[18,3,15,17,17,17]
[19,3,15,17,17,17]
[20,3,15,17,17,17]
[21,3,15,17,17,17]
[22,3,15,17,17,17]
[23,3,15,17,17,17]
[24,3,15,17,17,17]
[25,3,15,17,17,17]
[26,3,15,17,17,17]
[27,3,15,17,17,17]
[28,3,15,17,17,17]
[29,3,15,17,17,17]
[30,3,15,17,17,17]
[31,3,15,17,17,17]
[32,3,15,17,17,17]
[33,3,15,17,17,17]
[34,3,15,17,17,17]
[15,3,16,17,17,17]
[34,3,16,17,17,17]
[15,3,17,17,17,17]
[34,3,17,17,17,17]
[15,3,18,17,17,17]
[34,3,18,17,17,17]
[15,3,19,17,17,17]
[34,3,19,17,17,17]
[15,3,20,17,17,17]
[34,3,20,17,17,17]
[15,3,21,17,17,17]
[34,3,21,17,17,17]
[15,3,22,17,17,17]
[34,3,22,17,17,17]
[15,3,23,17,17,17]
[34,3,23,17,17,17]
[15,3,24,17,17,17]
[34,3,24,17,17,17]
[15,3,25,17,17,17]
[34,3,25,17,17,17]
[15,3,26,17,17,17]
[34,3,26,17,17,17]
[15,3,27,17,17,17]
[34,3,27,17,17,17]
[15,3,28,17,17,17]
[34,3,28,17,17,17]
[15,3,29,17,17,17]
[34,3,29,17,17,17]
[15,3,30,17,17,17]
[34,3,30,17,17,17]
[15,3,31,17,17,17]
[34,3,31,17,17,17]
[15,3,32,17,17,17]
[34,3,32,17,17,17]
[15,3,33,17,17,17]
[34,3,33,17,17,17]
[15,3,34,17,17,17]
[16,3,34,17,17,17]
[17,3,34,17,17,17]
[18,3,34,17,17,17]
[19,3,34,17,17,17]
[20,3,34,17,17,17]
[21,3,34,17,17,17]
[22,3,34,17,17,17]
[23,3,34,17,17,17]
[24,3,34,17,17,17]
[25,3,34,17,17,17]
[26,3,34,17,17,17]
[27,3,34,17,17,17]
[28,3,34,17,17,17]
[29,3,34,17,17,17]
[30,3,34,17,17,17]
[31,3,34,17,17,17]
[32,3,34,17,17,17]
[33,3,34,17,17,17]
[34,3,34,17,17,17]
[15,4,15,17,17,17]
[16,4,15,17,17,17]
[17,4,15,17,17,17]
[18,4,15,17,17,17]
[19,4,15,17,17,17]
[20,4,15,17,17,17]
[21,4,15,17,17,17]
[22,4,15,17,17,17]
[23,4,15,17,17,17]
[24,4,15,17,17,17]
[25,4,15,17,17,17]
[26,4,15,17,17,17]
[27,4,15,17,17,17]
[28,4,15,17,17,17]
[29,4,15,17,17,17]
[30,4,15,17,17,17]
[31,4,15,17,17,17]
[32,4,15,17,17,17]
[33,4,15,17,17,17]
[34,4,15,17,17,17]
[15,4,16,17,17,17]
[34,4,16,17,17,17]
[15,4,17,17,17,17]
[34,4,17,17,17,17]
[15,4,18,17,17,17]
[34,4,18,17,17,17]
[15,4,19,17,17,17]
[34,4,19,17,17,17]
[15,4,20,17,17,17]
[34,4,20,17,17,17]
[15,4,21,17,17,17]
[34,4,21,17,17,17]
[15,4,22,17,17,17]
[34,4,22,17,17,17]
[15,4,23,17,17,17]
[34,4,23,17,17,17]
[15,4,24,17,17,17]
[34,4,24,17,17,17]
[15,4,25,17,17,17]
[34,4,25,17,17,17]
[15,4,26,17,17,17]
[34,4,26,17,17,17]
[15,4,27,17,17,17]
[34,4,27,17,17,17]
[15,4,28,17,17,17]
[34,4,28,17,17,17]
[15,4,29,17,17,17]
[34,4,29,17,17,17]
[15,4,30,17,17,17]
[34,4,30,17,17,17]
[15,4,31,17,17,17]
[34,4,31,17,17,17]
[15,4,32,17,17,17]
[34,4,32,17,17,17]
[15,4,33,17,17,17]
[34,4,33,17,17,17]
[15,4,34,17,17,17]
[16,4,34,17,17,17]
[17,4,34,17,17,17]
[18,4,34,17,17,17]
[19,4,34,17,17,17]
[20,4,34,17,17,17]
[21,4,34,17,17,17]
[22,4,34,17,17,17]
[23,4,34,17,17,17]
[24,4,34,17,17,17]
[25,4,34,17,17,17]
[26,4,34,17,17,17]
[27,4,34,17,17,17]
[28,4,34,17,17,17]
[29,4,34,17,17,17]
[30,4,34,17,17,17]
[31,4,34,17,17,17]
[32,4,34,17,17,17]
[33,4,34,17,17,17]
[34,4,34,17,17,17]
[15,5,15,85,85,85]
[16,5,15,119,119,119]
[17,5,15,119,119,119]
[18,5,15,85,85,85]
[19,5,15,85,85,85]
[20,5,15,17,17,17]
[21,5,15,17,17,17]
[22,5,15,17,17,17]
[23,5,15,17,17,17]
[24,5,15,17,17,17]
[25,5,15,17,17,17]
[26,5,15,17,17,17]
[27,5,15,17,17,17]
[28,5,15,17,17,17]
[29,5,15,17,17,17]
[30,5,15,85,85,85]
[31,5,15,85,85,85]
[32,5,15,119,119,119]
[33,5,15,119,119,119]
[34,5,15,85,85,85]
[15,5,16,119,119,119]
[16,5,16,85,85,85]
[17,5,16,85,85,85]
[18,5,16,85,85,85]
[31,5,16,85,85,85]
[32,5,16,85,85,85]
[33,5,16,85,85,85]
[34,5,16,119,119,119]
[15,5,17,119,119,119]
[16,5,17,85,85,85]
[33,5,17,85,85,85]
[34,5,17,119,119,119]
[15,5,18,85,85,85]
[16,5,18,85,85,85]
[33,5,18,85,85,85]
[34,5,18,85,85,85]
[15,5,19,85,85,85]
[34,5,19,85,85,85]
[15,5,20,17,17,17]
[34,5,20,17,17,17]
[15,5,21,17,17,17]
[34,5,21,17,17,17]
[15,5,22,17,17,17]
[34,5,22,17,17,17]
[15,5,23,17,17,17]
[34,5,23,17,17,17]
[15,5,24,17,17,17]
[34,5,24,17,17,17]
[15,5,25,17,17,17]
[34,5,25,17,17,17]
[15,5,26,17,17,17]
[34,5,26,17,17,17]
[15,5,27,17,17,17]
[34,5,27,17,17,17]
[15,5,28,17,17,17]
[34,5,28,17,17,17]
[15,5,29,17,17,17]
[34,5,29,17,17,17]
[15,5,30,85,85,85]
[34,5,30,85,85,85]
[15,5,31,85,85,85]
[16,5,31,85,85,85]
[33,5,31,85,85,85]
[34,5,31,85,85,85]
[15,5,32,119,119,119]
[16,5,32,85,85,85]
[33,5,32,85,85,85]
[34,5,32,119,119,119]
[15,5,33,119,119,119]
[16,5,33,85,85,85]
[17,5,33,85,85,85]
[18,5,33,85,85,85]
[31,5,33,85,85,85]
[32,5,33,85,85,85]
[33,5,33,85,85,85]
[34,5,33,119,119,119]
[15,5,34,85,85,85]
[16,5,34,119,119,119]
[17,5,34,119,119,119]
[18,5,34,85,85,85]
[19,5,34,85,85,85]
[20,5,34,17,17,17]
[21,5,34,17,17,17]
[22,5,34,17,17,17]
[23,5,34,17,17,17]
[24,5,34,17,17,17]
[25,5,34,17,17,17]
[26,5,34,17,17,17]
[27,5,34,17,17,17]
[28,5,34,17,17,17]
[29,5,34,17,17,17]
[30,5,34,85,85,85]
[31,5,34,85,85,85]
[32,5,34,119,119,119]
[33,5,34,119,119,119]
[34,5,34,85,85,85]
[20,6,15,85,85,85]
[21,6,15,85,85,85]
[22,6,15,68,68,68]
[23,6,15,17,17,17]
[24,6,15,17,17,17]
[25,6,15,17,17,17]
[26,6,15,17,17,17]
[27,6,15,68,68,68]
[28,6,15,85,85,85]
[29,6,15,85,85,85]
[19,6,16,85,85,85]
[20,6,16,119,119,119]
[29,6,16,119,119,119]
[30,6,16,85,85,85]
[17,6,17,68,68,68]
[18,6,17,85,85,85]
[31,6,17,85,85,85]
[32,6,17,68,68,68]
[17,6,18,85,85,85]
[32,6,18,85,85,85]
[16,6,19,85,85,85]
[33,6,19,85,85,85]
[15,6,20,85,85,85]
[16,6,20,119,119,119]
[33,6,20,119,119,119]
[34,6,20,85,85,85]
[15,6,21,85,85,85]
[34,6,21,85,85,85]
[15,6,22,68,68,68]
[34,6,22,68,68,68]
[15,6,23,17,17,17]
[34,6,23,17,17,17]
[15,6,24,17,17,17]
[34,6,24,17,17,17]
[15,6,25,17,17,17]
[34,6,25,17,17,17]
[15,6,26,17,17,17]
[34,6,26,17,17,17]
[15,6,27,68,68,68]
[34,6,27,68,68,68]
[15,6,28,85,85,85]
[34,6,28,85,85,85]
[15,6,29,85,85,85]
[16,6,29,119,119,119]
[33,6,29,119,119,119]
[34,6,29,85,85,85]
[16,6,30,85,85,85]
[33,6,30,85,85,85]
[17,6,31,85,85,85]
[32,6,31,85,85,85]
[17,6,32,68,68,68]
[18,6,32,85,85,85]
[31,6,32,85,85,85]
[32,6,32,68,68,68]
[19,6,33,85,85,85]
[20,6,33,119,119,119]
[29,6,33,119,119,119]
[30,6,33,85,85,85]
[20,6,34,85,85,85]
[21,6,34,85,85,85]
[22,6,34,68,68,68]
[23,6,34,17,17,17]
[24,6,34,17,17,17]
[25,6,34,17,17,17]
[26,6,34,17,17,17]
[27,6,34,68,68,68]
[28,6,34,85,85,85]
[29,6,34,85,85,85]
[23,7,15,68,68,68]
[24,7,15,85,85,85]
[25,7,15,85,85,85]
[26,7,15,68,68,68]
[21,7,16,85,85,85]
[22,7,16,85,85,85]
[23,7,16,85,85,85]
[24,7,16,85,85,85]
[25,7,16,85,85,85]
[26,7,16,85,85,85]
[27,7,16,85,85,85]
[28,7,16,85,85,85]
[19,7,17,119,119,119]
[20,7,17,85,85,85]
[21,7,17,85,85,85]
[28,7,17,85,85,85]
[29,7,17,85,85,85]
[30,7,17,119,119,119]
[18,7,18,85,85,85]
[19,7,18,85,85,85]
[20,7,18,85,85,85]
[29,7,18,85,85,85]
[30,7,18,85,85,85]
[31,7,18,85,85,85]
[17,7,19,119,119,119]
[18,7,19,85,85,85]
[31,7,19,85,85,85]
[32,7,19,119,119,119]
[17,7,20,85,85,85]
[18,7,20,85,85,85]
[31,7,20,85,85,85]
[32,7,20,85,85,85]
[16,7,21,85,85,85]
[17,7,21,85,85,85]
[32,7,21,85,85,85]
[33,7,21,85,85,85]
[16,7,22,85,85,85]
[33,7,22,85,85,85]
[15,7,23,68,68,68]
[16,7,23,85,85,85]
[33,7,23,85,85,85]
[34,7,23,68,68,68]
[15,7,24,85,85,85]
[16,7,24,85,85,85]
[33,7,24,85,85,85]
[34,7,24,85,85,85]
[15,7,25,85,85,85]
[16,7,25,85,85,85]
[33,7,25,85,85,85]
[34,7,25,85,85,85]
[15,7,26,68,68,68]
[16,7,26,85,85,85]
[33,7,26,85,85,85]
[34,7,26,68,68,68]
[16,7,27,85,85,85]
[33,7,27,85,85,85]
[16,7,28,85,85,85]
[17,7,28,85,85,85]
[32,7,28,85,85,85]
[33,7,28,85,85,85]
[17,7,29,85,85,85]
[18,7,29,85,85,85]
[31,7,29,85,85,85]
[32,7,29,85,85,85]
[17,7,30,119,119,119]
[18,7,30,85,85,85]
[31,7,30,85,85,85]
[32,7,30,119,119,119]
[18,7,31,85,85,85]
[19,7,31,85,85,85]
[20,7,31,85,85,85]
[29,7,31,85,85,85]
[30,7,31,85,85,85]
[31,7,31,85,85,85]
[19,7,32,119,119,119]
[20,7,32,85,85,85]
[21,7,32,85,85,85]
[28,7,32,85,85,85]
[29,7,32,85,85,85]
[30,7,32,119,119,119]
[21,7,33,85,85,85]
[22,7,33,85,85,85]
[23,7,33,85,85,85]
[24,7,33,85,85,85]
[25,7,33,85,85,85]
[26,7,33,85,85,85]
[27,7,33,85,85,85]
[28,7,33,85,85,85]
[23,7,34,68,68,68]
[24,7,34,85,85,85]
[25,7,34,85,85,85]
[26,7,34,68,68,68]
[22,8,17,119,119,119]
[23,8,17,68,68,68]
[24,8,17,68,68,68]
[25,8,17,68,68,68]
[26,8,17,68,68,68]
[27,8,17,119,119,119]
[21,8,18,85,85,85]
[22,8,18,119,119,119]
[27,8,18,119,119,119]
[28,8,18,85,85,85]
[19,8,19,85,85,85]
[20,8,19,85,85,85]
[29,8,19,85,85,85]
[30,8,19,85,85,85]
[19,8,20,85,85,85]
[30,8,20,85,85,85]
[18,8,21,85,85,85]
[31,8,21,85,85,85]
[17,8,22,119,119,119]
[18,8,22,119,119,119]
[31,8,22,119,119,119]
[32,8,22,119,119,119]
[17,8,23,68,68,68]
[32,8,23,68,68,68]
[17,8,24,68,68,68]
[32,8,24,68,68,68]
[17,8,25,68,68,68]
[32,8,25,68,68,68]
[17,8,26,68,68,68]
[32,8,26,68,68,68]
[17,8,27,119,119,119]
[18,8,27,119,119,119]
[31,8,27,119,119,119]
[32,8,27,119,119,119]
[18,8,28,85,85,85]
[31,8,28,85,85,85]
[19,8,29,85,85,85]
[30,8,29,85,85,85]
[19,8,30,85,85,85]
[20,8,30,85,85,85]
[29,8,30,85,85,85]
[30,8,30,85,85,85]
[21,8,31,85,85,85]
[22,8,31,119,119,119]
[27,8,31,119,119,119]
[28,8,31,85,85,85]
[22,8,32,119,119,119]
[23,8,32,68,68,68]
[24,8,32,68,68,68]
[25,8,32,68,68,68]
[26,8,32,68,68,68]
[27,8,32,119,119,119]
[23,9,18,68,68,68]
[24,9,18,85,85,85]
[25,9,18,85,85,85]
[26,9,18,68,68,68]
[21,9,19,68,68,68]
[22,9,19,85,85,85]
[23,9,19,68,68,68]
[24,9,19,68,68,68]
[25,9,19,68,68,68]
[26,9,19,68,68,68]
[27,9,19,85,85,85]
[28,9,19,68,68,68]
[20,9,20,85,85,85]
[21,9,20,119,119,119]
[22,9,20,119,119,119]
[27,9,20,119,119,119]
[28,9,20,119,119,119]
[29,9,20,85,85,85]
[19,9,21,68,68,68]
[20,9,21,119,119,119]
[29,9,21,119,119,119]
[30,9,21,68,68,68]
[19,9,22,85,85,85]
[20,9,22,119,119,119]
[29,9,22,119,119,119]
[30,9,22,85,85,85]
[18,9,23,68,68,68]
[19,9,23,68,68,68]
[30,9,23,68,68,68]
[31,9,23,68,68,68]
[18,9,24,85,85,85]
[19,9,24,68,68,68]
[30,9,24,68,68,68]
[31,9,24,85,85,85]
[18,9,25,85,85,85]
[19,9,25,68,68,68]
[30,9,25,68,68,68]
[31,9,25,85,85,85]
[18,9,26,68,68,68]
[19,9,26,68,68,68]
[30,9,26,68,68,68]
[31,9,26,68,68,68]
[19,9,27,85,85,85]
[20,9,27,119,119,119]
[29,9,27,119,119,119]
[30,9,27,85,85,85]
[19,9,28,68,68,68]
[20,9,28,119,119,119]
[29,9,28,119,119,119]
[30,9,28,68,68,68]
[20,9,29,85,85,85]
[21,9,29,119,119,119]
[22,9,29,119,119,119]
[27,9,29,119,119,119]
[28,9,29,119,119,119]
[29,9,29,85,85,85]
[21,9,30,68,68,68]
[22,9,30,85,85,85]
[23,9,30,68,68,68]
[24,9,30,68,68,68]
[25,9,30,68,68,68]
[26,9,30,68,68,68]
[27,9,30,85,85,85]
[28,9,30,68,68,68]
[23,9,31,68,68,68]
[24,9,31,85,85,85]
[25,9,31,85,85,85]
[26,9,31,68,68,68]
[23,10,20,85,85,85]
[24,10,20,85,85,85]
[25,10,20,85,85,85]
[26,10,20,85,85,85]
[21,10,21,68,68,68]
[22,10,21,119,119,119]
[27,10,21,119,119,119]
[28,10,21,68,68,68]
[21,10,22,119,119,119]
[28,10,22,119,119,119]
[20,10,23,85,85,85]
[29,10,23,85,85,85]
[20,10,24,85,85,85]
[29,10,24,85,85,85]
[20,10,25,85,85,85]
[29,10,25,85,85,85]
[20,10,26,85,85,85]
[29,10,26,85,85,85]
[21,10,27,119,119,119]
[28,10,27,119,119,119]
[21,10,28,68,68,68]
[22,10,28,119,119,119]
[27,10,28,119,119,119]
[28,10,28,68,68,68]
[23,10,29,85,85,85]
[24,10,29,85,85,85]
[25,10,29,85,85,85]
[26,10,29,85,85,85]
[23,11,21,85,85,85]
[24,11,21,85,85,85]
[25,11,21,85,85,85]
[26,11,21,85,85,85]
[22,11,22,85,85,85]
[23,11,22,119,119,119]
[26,11,22,119,119,119]
[27,11,22,85,85,85]
[21,11,23,85,85,85]
[22,11,23,119,119,119]
[27,11,23,119,119,119]
[28,11,23,85,85,85]
[21,11,24,85,85,85]
[28,11,24,85,85,85]
[21,11,25,85,85,85]
[28,11,25,85,85,85]
[21,11,26,85,85,85]
[22,11,26,119,119,119]
[27,11,26,119,119,119]
[28,11,26,85,85,85]
[22,11,27,85,85,85]
[23,11,27,119,119,119]
[26,11,27,119,119,119]
[27,11,27,85,85,85]
[23,11,28,85,85,85]
[24,11,28,85,85,85]
[25,11,28,85,85,85]
[26,11,28,85,85,85]
[24,12,22,85,85,85]
[25,12,22,85,85,85]
[23,12,23,119,119,119]
[24,12,23,85,85,85]
[25,12,23,85,85,85]
[26,12,23,119,119,119]
[22,12,24,85,85,85]
[23,12,24,85,85,85]
[24,12,24,68,68,68]
[25,12,24,68,68,68]
[26,12,24,85,85,85]
[27,12,24,85,85,85]
[22,12,25,85,85,85]
[23,12,25,85,85,85]
[24,12,25,68,68,68]
[25,12,25,68,68,68]
[26,12,25,85,85,85]
[27,12,25,85,85,85]
[23,12,26,119,119,119]
[24,12,26,85,85,85]
[25,12,26,85,85,85]
[26,12,26,119,119,119]
[24,12,27,85,85,85]
[25,12,27,85,85,85]
