[1,15,1,189,155,110]
[2,15,1,189,155,110]
[3,15,1,189,155,110]
[4,15,1,189,155,110]
[5,15,1,189,155,110]
[6,15,1,189,155,110]
[7,15,1,189,155,110]
[1,15,2,189,155,110]
[2,15,2,218,201,168]
[3,15,2,218,201,168]
[4,15,2,218,201,168]
[5,15,2,15,15,14]
[6,15,2,15,15,14]
[7,15,2,189,155,110]
[1,15,3,189,155,110]
[2,15,3,218,201,168]
[3,15,3,218,201,168]
[4,15,3,218,201,168]
[5,15,3,15,15,14]
[6,15,3,15,15,14]
[7,15,3,189,155,110]
[1,15,4,189,155,110]
[2,15,4,218,201,168]
[3,15,4,218,201,168]
[4,15,4,218,201,168]
[5,15,4,218,201,168]
[6,15,4,218,201,168]
[7,15,4,189,155,110]
[1,15,5,189,155,110]
[2,15,5,218,201,168]
[3,15,5,218,201,168]
[4,15,5,218,201,168]
[5,15,5,218,201,168]
[6,15,5,218,201,168]
[7,15,5,189,155,110]
[1,15,6,189,155,110]
[2,15,6,218,201,168]
[3,15,6,218,201,168]
[4,15,6,218,201,168]
[5,15,6,218,201,168]
[6,15,6,218,201,168]
[7,15,6,189,155,110]
[1,15,7,189,155,110]
[2,15,7,15,15,14]
[3,15,7,15,15,14]
[4,15,7,218,201,168]
[5,15,7,218,201,168]
[6,15,7,218,201,168]
[7,15,7,189,155,110]
[8,15,7,189,155,110]
[9,15,7,189,155,110]
[10,15,7,189,155,110]
[11,15,7,189,155,110]
[12,15,7,189,155,110]
[13,15,7,189,155,110]
[14,15,7,189,155,110]
[15,15,7,189,155,110]
[16,15,7,189,155,110]
[17,15,7,189,155,110]
[18,15,7,189,155,110]
[19,15,7,189,155,110]
[20,15,7,189,155,110]
[1,15,8,189,155,110]
[2,15,8,15,15,14]
[3,15,8,15,15,14]
[4,15,8,218,201,168]
[5,15,8,218,201,168]
[6,15,8,218,201,168]
[7,15,8,218,201,168]
[8,15,8,218,201,168]
[9,15,8,218,201,168]
[10,15,8,189,155,110]
[11,15,8,218,201,168]
[12,15,8,218,201,168]
[13,15,8,218,201,168]
[14,15,8,218,201,168]
[15,15,8,218,201,168]
[16,15,8,218,201,168]
[17,15,8,218,201,168]
[18,15,8,218,201,168]
[19,15,8,218,201,168]
[20,15,8,189,155,110]
[1,15,9,189,155,110]
[2,15,9,218,201,168]
[3,15,9,218,201,168]
[4,15,9,218,201,168]
[5,15,9,218,201,168]
[6,15,9,218,201,168]
[7,15,9,218,201,168]
[8,15,9,218,201,168]
[9,15,9,218,201,168]
[10,15,9,189,155,110]
[11,15,9,218,201,168]
[12,15,9,218,201,168]
[13,15,9,15,15,14]
[14,15,9,15,15,14]
[15,15,9,218,201,168]
[16,15,9,218,201,168]
[17,15,9,218,201,168]
[18,15,9,218,201,168]
[19,15,9,218,201,168]
[20,15,9,189,155,110]
[1,15,10,189,155,110]
[2,15,10,218,201,168]
[3,15,10,218,201,168]
[4,15,10,218,201,168]
[5,15,10,218,201,168]
[6,15,10,218,201,168]
[7,15,10,218,201,168]
[8,15,10,218,201,168]
[9,15,10,218,201,168]
[10,15,10,189,155,110]
[11,15,10,218,201,168]
[12,15,10,218,201,168]
[13,15,10,15,15,14]
[14,15,10,15,15,14]
[15,15,10,218,201,168]
[16,15,10,218,201,168]
[17,15,10,218,201,168]
[18,15,10,15,15,14]
[19,15,10,15,15,14]
[20,15,10,189,155,110]
[1,15,11,189,155,110]
[2,15,11,218,201,168]
[3,15,11,218,201,168]
[4,15,11,218,201,168]
[5,15,11,218,201,168]
[6,15,11,218,201,168]
[7,15,11,218,201,168]
[8,15,11,218,201,168]
[9,15,11,218,201,168]
[10,15,11,189,155,110]
[11,15,11,218,201,168]
[12,15,11,218,201,168]
[13,15,11,218,201,168]
[14,15,11,218,201,168]
[15,15,11,218,201,168]
[16,15,11,218,201,168]
[17,15,11,218,201,168]
[18,15,11,15,15,14]
[19,15,11,15,15,14]
[20,15,11,189,155,110]
[1,15,12,189,155,110]
[2,15,12,218,201,168]
[3,15,12,218,201,168]
[4,15,12,218,201,168]
[5,15,12,218,201,168]
[6,15,12,218,201,168]
[7,15,12,218,201,168]
[8,15,12,218,201,168]
[9,15,12,218,201,168]
[10,15,12,189,155,110]
[11,15,12,218,201,168]
[12,15,12,218,201,168]
[13,15,12,218,201,168]
[14,15,12,218,201,168]
[15,15,12,218,201,168]
[16,15,12,218,201,168]
[17,15,12,218,201,168]
[18,15,12,15,15,14]
[19,15,12,15,15,14]
[20,15,12,189,155,110]
[1,15,13,189,155,110]
[2,15,13,218,201,168]
[3,15,13,218,201,168]
[4,15,13,218,201,168]
[5,15,13,218,201,168]
[6,15,13,218,201,168]
[7,15,13,218,201,168]
[8,15,13,218,201,168]
[9,15,13,218,201,168]
[10,15,13,189,155,110]
[11,15,13,218,201,168]
[12,15,13,15,15,14]
[13,15,13,15,15,14]
[14,15,13,218,201,168]
[15,15,13,218,201,168]
[16,15,13,218,201,168]
[17,15,13,218,201,168]
[18,15,13,218,201,168]
[19,15,13,218,201,168]
[20,15,13,189,155,110]
[1,15,14,189,155,110]
[2,15,14,15,15,14]
[3,15,14,15,15,14]
[4,15,14,218,201,168]
[5,15,14,218,201,168]
[6,15,14,218,201,168]
[7,15,14,218,201,168]
[8,15,14,15,15,14]
[9,15,14,15,15,14]
[10,15,14,189,155,110]
[11,15,14,218,201,168]
[12,15,14,15,15,14]
[13,15,14,15,15,14]
[14,15,14,218,201,168]
[15,15,14,218,201,168]
[16,15,14,218,201,168]
[17,15,14,218,201,168]
[18,15,14,218,201,168]
[19,15,14,218,201,168]
[20,15,14,189,155,110]
[1,15,15,189,155,110]
[2,15,15,189,155,110]
[3,15,15,189,155,110]
[4,15,15,189,155,110]
[5,15,15,218,201,168]
[6,15,15,218,201,168]
[7,15,15,218,201,168]
[8,15,15,15,15,14]
[9,15,15,15,15,14]
[10,15,15,189,155,110]
[11,15,15,218,201,168]
[12,15,15,218,201,168]
[13,15,15,218,201,168]
[14,15,15,218,201,168]
[15,15,15,218,201,168]
[16,15,15,218,201,168]
[17,15,15,218,201,168]
[18,15,15,218,201,168]
[19,15,15,218,201,168]
[20,15,15,189,155,110]
[1,15,16,189,155,110]
[2,15,16,218,201,168]
[3,15,16,218,201,168]
[4,15,16,218,201,168]
[5,15,16,218,201,168]
[6,15,16,218,201,168]
[7,15,16,218,201,168]
[8,15,16,218,201,168]
[9,15,16,218,201,168]
[10,15,16,218,201,168]
[11,15,16,218,201,168]
[12,15,16,218,201,168]
[13,15,16,218,201,168]
[14,15,16,218,201,168]
[15,15,16,218,201,168]
[16,15,16,218,201,168]
[17,15,16,218,201,168]
[18,15,16,218,201,168]
[19,15,16,218,201,168]
[20,15,16,189,155,110]
[1,15,17,189,155,110]
[2,15,17,218,201,168]
[3,15,17,218,201,168]
[4,15,17,218,201,168]
[5,15,17,218,201,168]
[6,15,17,218,201,168]
[7,15,17,218,201,168]
[8,15,17,218,201,168]
[9,15,17,218,201,168]
[10,15,17,218,201,168]
[11,15,17,218,201,168]
[12,15,17,218,201,168]
[13,15,17,218,201,168]
[14,15,17,218,201,168]
[15,15,17,218,201,168]
[16,15,17,218,201,168]
[17,15,17,218,201,168]
[18,15,17,218,201,168]
[19,15,17,218,201,168]
[20,15,17,218,201,168]
[21,15,17,218,201,168]
[22,15,17,218,201,168]
[23,15,17,218,201,168]
[1,15,18,189,155,110]
[2,15,18,218,201,168]
[3,15,18,218,201,168]
[4,15,18,218,201,168]
[5,15,18,218,201,168]
[6,15,18,218,201,168]
[7,15,18,218,201,168]
[8,15,18,218,201,168]
[9,15,18,218,201,168]
[10,15,18,218,201,168]
[11,15,18,218,201,168]
[12,15,18,218,201,168]
[13,15,18,218,201,168]
[14,15,18,218,201,168]
[15,15,18,218,201,168]
[16,15,18,218,201,168]
[17,15,18,218,201,168]
[18,15,18,218,201,168]
[19,15,18,218,201,168]
[20,15,18,218,201,168]
[21,15,18,218,201,168]
[22,15,18,218,201,168]
[23,15,18,218,201,168]
[0,15,19,189,155,110]
[1,15,19,189,155,110]
[2,15,19,218,201,168]
[3,15,19,218,201,168]
[4,15,19,218,201,168]
[5,15,19,218,201,168]
[6,15,19,218,201,168]
[7,15,19,218,201,168]
[8,15,19,218,201,168]
[9,15,19,218,201,168]
[10,15,19,218,201,168]
[11,15,19,218,201,168]
[12,15,19,218,201,168]
[13,15,19,218,201,168]
[14,15,19,218,201,168]
[15,15,19,218,201,168]
[16,15,19,218,201,168]
[17,15,19,218,201,168]
[18,15,19,218,201,168]
[19,15,19,218,201,168]
[20,15,19,218,201,168]
[21,15,19,218,201,168]
[22,15,19,218,201,168]
[23,15,19,218,201,168]
[0,15,20,189,155,110]
[1,15,20,218,201,168]
[2,15,20,218,201,168]
[3,15,20,218,201,168]
[4,15,20,218,201,168]
[5,15,20,218,201,168]
[6,15,20,218,201,168]
[7,15,20,218,201,168]
[8,15,20,218,201,168]
[9,15,20,218,201,168]
[10,15,20,218,201,168]
[11,15,20,218,201,168]
[12,15,20,218,201,168]
[13,15,20,218,201,168]
[14,15,20,218,201,168]
[15,15,20,218,201,168]
[16,15,20,218,201,168]
[17,15,20,218,201,168]
[18,15,20,218,201,168]
[19,15,20,218,201,168]
[20,15,20,189,155,110]
[0,15,21,189,155,110]
[1,15,21,218,201,168]
[2,15,21,218,201,168]
[3,15,21,218,201,168]
[4,15,21,218,201,168]
[5,15,21,218,201,168]
[6,15,21,218,201,168]
[7,15,21,218,201,168]
[8,15,21,218,201,168]
[9,15,21,218,201,168]
[10,15,21,218,201,168]
[11,15,21,218,201,168]
[12,15,21,218,201,168]
[13,15,21,218,201,168]
[14,15,21,218,201,168]
[15,15,21,218,201,168]
[16,15,21,218,201,168]
[17,15,21,15,15,14]
[18,15,21,218,201,168]
[19,15,21,218,201,168]
[20,15,21,189,155,110]
[0,15,22,189,155,110]
[1,15,22,218,201,168]
[2,15,22,218,201,168]
[3,15,22,218,201,168]
[4,15,22,218,201,168]
[5,15,22,218,201,168]
[6,15,22,218,201,168]
[7,15,22,15,15,14]
[8,15,22,15,15,14]
[9,15,22,218,201,168]
[10,15,22,218,201,168]
[11,15,22,218,201,168]
[12,15,22,218,201,168]
[13,15,22,218,201,168]
[14,15,22,15,15,14]
[15,15,22,15,15,14]
[16,15,22,15,15,14]
[17,15,22,15,15,14]
[18,15,22,218,201,168]
[19,15,22,218,201,168]
[20,15,22,189,155,110]
[0,15,23,189,155,110]
[1,15,23,218,201,168]
[2,15,23,218,201,168]
[3,15,23,218,201,168]
[4,15,23,218,201,168]
[5,15,23,218,201,168]
[6,15,23,218,201,168]
[7,15,23,15,15,14]
[8,15,23,15,15,14]
[9,15,23,218,201,168]
[10,15,23,218,201,168]
[11,15,23,218,201,168]
[12,15,23,218,201,168]
[13,15,23,15,15,14]
[14,15,23,15,15,14]
[15,15,23,15,15,14]
[16,15,23,15,15,14]
[17,15,23,218,201,168]
[18,15,23,218,201,168]
[19,15,23,218,201,168]
[20,15,23,189,155,110]
[0,15,24,189,155,110]
[1,15,24,189,155,110]
[2,15,24,189,155,110]
[3,15,24,218,201,168]
[4,15,24,218,201,168]
[5,15,24,218,201,168]
[6,15,24,189,155,110]
[7,15,24,189,155,110]
[8,15,24,189,155,110]
[9,15,24,189,155,110]
[10,15,24,189,155,110]
[11,15,24,218,201,168]
[12,15,24,218,201,168]
[13,15,24,15,15,14]
[14,15,24,218,201,168]
[15,15,24,218,201,168]
[16,15,24,218,201,168]
[17,15,24,218,201,168]
[18,15,24,218,201,168]
[19,15,24,218,201,168]
[20,15,24,189,155,110]
[0,15,25,189,155,110]
[1,15,25,189,155,110]
[2,15,25,189,155,110]
[3,15,25,218,201,168]
[4,15,25,218,201,168]
[5,15,25,218,201,168]
[6,15,25,189,155,110]
[7,15,25,189,155,110]
[8,15,25,189,155,110]
[9,15,25,189,155,110]
[10,15,25,189,155,110]
[11,15,25,218,201,168]
[12,15,25,218,201,168]
[13,15,25,218,201,168]
[14,15,25,218,201,168]
[15,15,25,218,201,168]
[16,15,25,218,201,168]
[17,15,25,218,201,168]
[18,15,25,218,201,168]
[19,15,25,218,201,168]
[20,15,25,189,155,110]
[0,15,26,189,155,110]
[1,15,26,189,155,110]
[2,15,26,189,155,110]
[3,15,26,218,201,168]
[4,15,26,218,201,168]
[5,15,26,218,201,168]
[6,15,26,189,155,110]
[7,15,26,189,155,110]
[8,15,26,189,155,110]
[9,15,26,189,155,110]
[10,15,26,189,155,110]
[11,15,26,189,155,110]
[12,15,26,218,201,168]
[13,15,26,218,201,168]
[14,15,26,218,201,168]
[15,15,26,218,201,168]
[16,15,26,218,201,168]
[17,15,26,218,201,168]
[18,15,26,218,201,168]
[19,15,26,189,155,110]
[20,15,26,189,155,110]
[3,15,27,218,201,168]
[4,15,27,218,201,168]
[5,15,27,218,201,168]
[10,15,27,189,155,110]
[11,15,27,189,155,110]
[12,15,27,189,155,110]
[13,15,27,218,201,168]
[14,15,27,218,201,168]
[15,15,27,218,201,168]
[16,15,27,218,201,168]
[17,15,27,218,201,168]
[18,15,27,189,155,110]
[19,15,27,189,155,110]
[20,15,27,189,155,110]
[3,15,28,218,201,168]
[4,15,28,218,201,168]
[5,15,28,218,201,168]
[10,15,28,189,155,110]
[11,15,28,189,155,110]
[12,15,28,189,155,110]
[13,15,28,189,155,110]
[14,15,28,189,155,110]
[15,15,28,189,155,110]
[16,15,28,189,155,110]
[17,15,28,189,155,110]
[18,15,28,189,155,110]
[19,15,28,189,155,110]
[20,15,28,189,155,110]
[3,15,29,218,201,168]
[4,15,29,218,201,168]
[5,15,29,218,201,168]
[1,14,1,189,155,110]
[2,14,1,189,155,110]
[3,14,1,189,155,110]
[4,14,1,189,155,110]
[5,14,1,189,155,110]
[6,14,1,189,155,110]
[7,14,1,189,155,110]
[1,14,2,189,155,110]
[2,14,2,218,201,168]
[3,14,2,218,201,168]
[4,14,2,218,201,168]
[5,14,2,144,128,104]
[6,14,2,144,128,104]
[7,14,2,189,155,110]
[1,14,3,189,155,110]
[2,14,3,218,201,168]
[3,14,3,218,201,168]
[4,14,3,218,201,168]
[5,14,3,144,128,104]
[6,14,3,144,128,104]
[7,14,3,189,155,110]
[1,14,4,189,155,110]
[2,14,4,218,201,168]
[3,14,4,218,201,168]
[4,14,4,218,201,168]
[5,14,4,218,201,168]
[6,14,4,218,201,168]
[7,14,4,189,155,110]
[1,14,5,189,155,110]
[2,14,5,218,201,168]
[3,14,5,218,201,168]
[4,14,5,218,201,168]
[5,14,5,218,201,168]
[6,14,5,218,201,168]
[7,14,5,189,155,110]
[1,14,6,189,155,110]
[2,14,6,218,201,168]
[3,14,6,218,201,168]
[4,14,6,218,201,168]
[5,14,6,218,201,168]
[6,14,6,218,201,168]
[7,14,6,189,155,110]
[1,14,7,189,155,110]
[2,14,7,253,251,254]
[3,14,7,253,251,254]
[4,14,7,218,201,168]
[5,14,7,218,201,168]
[6,14,7,218,201,168]
[7,14,7,189,155,110]
[8,14,7,189,155,110]
[9,14,7,189,155,110]
[10,14,7,189,155,110]
[11,14,7,189,155,110]
[12,14,7,189,155,110]
[13,14,7,189,155,110]
[14,14,7,189,155,110]
[15,14,7,189,155,110]
[16,14,7,189,155,110]
[17,14,7,189,155,110]
[18,14,7,189,155,110]
[19,14,7,189,155,110]
[20,14,7,189,155,110]
[1,14,8,189,155,110]
[2,14,8,253,251,254]
[3,14,8,253,251,254]
[4,14,8,218,201,168]
[5,14,8,218,201,168]
[6,14,8,218,201,168]
[7,14,8,218,201,168]
[8,14,8,218,201,168]
[9,14,8,218,201,168]
[10,14,8,189,155,110]
[20,14,8,189,155,110]
[1,14,9,189,155,110]
[2,14,9,218,201,168]
[3,14,9,218,201,168]
[4,14,9,218,201,168]
[5,14,9,218,201,168]
[6,14,9,218,201,168]
[7,14,9,218,201,168]
[8,14,9,218,201,168]
[9,14,9,218,201,168]
[10,14,9,189,155,110]
[13,14,9,253,251,254]
[14,14,9,253,251,254]
[19,14,9,144,128,104]
[20,14,9,189,155,110]
[1,14,10,189,155,110]
[2,14,10,218,201,168]
[3,14,10,218,201,168]
[4,14,10,218,201,168]
[5,14,10,218,201,168]
[6,14,10,218,201,168]
[7,14,10,218,201,168]
[8,14,10,218,201,168]
[9,14,10,218,201,168]
[10,14,10,189,155,110]
[13,14,10,253,251,254]
[14,14,10,253,251,254]
[18,14,10,144,128,104]
[19,14,10,144,128,104]
[20,14,10,189,155,110]
[1,14,11,189,155,110]
[2,14,11,218,201,168]
[3,14,11,218,201,168]
[4,14,11,218,201,168]
[5,14,11,218,201,168]
[6,14,11,218,201,168]
[7,14,11,218,201,168]
[8,14,11,218,201,168]
[9,14,11,218,201,168]
[10,14,11,189,155,110]
[18,14,11,144,128,104]
[19,14,11,144,128,104]
[20,14,11,189,155,110]
[1,14,12,189,155,110]
[2,14,12,218,201,168]
[3,14,12,218,201,168]
[4,14,12,218,201,168]
[5,14,12,218,201,168]
[6,14,12,218,201,168]
[7,14,12,218,201,168]
[8,14,12,218,201,168]
[9,14,12,218,201,168]
[10,14,12,189,155,110]
[18,14,12,144,128,104]
[19,14,12,144,128,104]
[20,14,12,189,155,110]
[1,14,13,189,155,110]
[2,14,13,218,201,168]
[3,14,13,218,201,168]
[4,14,13,218,201,168]
[5,14,13,218,201,168]
[6,14,13,218,201,168]
[7,14,13,218,201,168]
[8,14,13,218,201,168]
[9,14,13,218,201,168]
[10,14,13,189,155,110]
[12,14,13,144,128,104]
[13,14,13,144,128,104]
[20,14,13,189,155,110]
[1,14,14,189,155,110]
[2,14,14,253,251,254]
[3,14,14,253,251,254]
[4,14,14,218,201,168]
[5,14,14,218,201,168]
[6,14,14,218,201,168]
[7,14,14,218,201,168]
[8,14,14,144,128,104]
[9,14,14,144,128,104]
[10,14,14,189,155,110]
[12,14,14,144,128,104]
[13,14,14,144,128,104]
[20,14,14,189,155,110]
[1,14,15,189,155,110]
[2,14,15,189,155,110]
[3,14,15,189,155,110]
[4,14,15,189,155,110]
[5,14,15,218,201,168]
[6,14,15,218,201,168]
[7,14,15,218,201,168]
[8,14,15,144,128,104]
[9,14,15,144,128,104]
[10,14,15,189,155,110]
[20,14,15,189,155,110]
[1,14,16,189,155,110]
[20,14,16,189,155,110]
[1,14,17,189,155,110]
[1,14,18,189,155,110]
[0,14,19,189,155,110]
[1,14,19,189,155,110]
[0,14,20,189,155,110]
[20,14,20,189,155,110]
[0,14,21,189,155,110]
[17,14,21,253,251,254]
[20,14,21,189,155,110]
[0,14,22,189,155,110]
[7,14,22,144,128,104]
[8,14,22,144,128,104]
[14,14,22,253,251,254]
[15,14,22,253,251,254]
[16,14,22,253,251,254]
[17,14,22,253,251,254]
[20,14,22,189,155,110]
[0,14,23,189,155,110]
[7,14,23,144,128,104]
[8,14,23,144,128,104]
[13,14,23,253,251,254]
[14,14,23,253,251,254]
[15,14,23,253,251,254]
[16,14,23,253,251,254]
[20,14,23,189,155,110]
[0,14,24,189,155,110]
[1,14,24,189,155,110]
[2,14,24,189,155,110]
[6,14,24,189,155,110]
[7,14,24,189,155,110]
[8,14,24,189,155,110]
[9,14,24,189,155,110]
[10,14,24,189,155,110]
[13,14,24,253,251,254]
[20,14,24,189,155,110]
[0,14,25,189,155,110]
[1,14,25,189,155,110]
[2,14,25,189,155,110]
[6,14,25,189,155,110]
[7,14,25,189,155,110]
[8,14,25,189,155,110]
[9,14,25,189,155,110]
[10,14,25,189,155,110]
[20,14,25,189,155,110]
[0,14,26,189,155,110]
[1,14,26,189,155,110]
[2,14,26,189,155,110]
[6,14,26,189,155,110]
[7,14,26,189,155,110]
[8,14,26,189,155,110]
[9,14,26,189,155,110]
[10,14,26,189,155,110]
[11,14,26,189,155,110]
[19,14,26,189,155,110]
[20,14,26,189,155,110]
[10,14,27,189,155,110]
[11,14,27,189,155,110]
[12,14,27,189,155,110]
[18,14,27,189,155,110]
[19,14,27,189,155,110]
[20,14,27,189,155,110]
[10,14,28,189,155,110]
[11,14,28,189,155,110]
[12,14,28,189,155,110]
[13,14,28,189,155,110]
[14,14,28,189,155,110]
[15,14,28,189,155,110]
[16,14,28,189,155,110]
[17,14,28,189,155,110]
[18,14,28,189,155,110]
[19,14,28,189,155,110]
[20,14,28,189,155,110]
[1,13,1,189,155,110]
[2,13,1,189,155,110]
[3,13,1,189,155,110]
[4,13,1,189,155,110]
[5,13,1,189,155,110]
[6,13,1,189,155,110]
[7,13,1,189,155,110]
[1,13,2,189,155,110]
[5,13,2,144,128,104]
[6,13,2,144,128,104]
[7,13,2,189,155,110]
[1,13,3,189,155,110]
[6,13,3,144,128,104]
[7,13,3,189,155,110]
[1,13,4,189,155,110]
[7,13,4,189,155,110]
[1,13,5,189,155,110]
[7,13,5,189,155,110]
[1,13,6,189,155,110]
[7,13,6,189,155,110]
[1,13,7,189,155,110]
[2,13,7,253,251,254]
[3,13,7,253,251,254]
[7,13,7,189,155,110]
[8,13,7,189,155,110]
[9,13,7,189,155,110]
[10,13,7,189,155,110]
[11,13,7,189,155,110]
[12,13,7,189,155,110]
[13,13,7,189,155,110]
[14,13,7,189,155,110]
[15,13,7,189,155,110]
[16,13,7,189,155,110]
[17,13,7,189,155,110]
[18,13,7,189,155,110]
[19,13,7,189,155,110]
[20,13,7,189,155,110]
[1,13,8,189,155,110]
[2,13,8,253,251,254]
[3,13,8,253,251,254]
[10,13,8,189,155,110]
[20,13,8,189,155,110]
[1,13,9,189,155,110]
[10,13,9,189,155,110]
[20,13,9,189,155,110]
[21,13,9,218,201,168]
[22,13,9,218,201,168]
[23,13,9,218,201,168]
[1,13,10,189,155,110]
[10,13,10,189,155,110]
[18,13,10,144,128,104]
[19,13,10,144,128,104]
[20,13,10,189,155,110]
[21,13,10,218,201,168]
[22,13,10,218,201,168]
[23,13,10,218,201,168]
[1,13,11,189,155,110]
[10,13,11,189,155,110]
[18,13,11,144,128,104]
[19,13,11,144,128,104]
[20,13,11,189,155,110]
[21,13,11,218,201,168]
[22,13,11,218,201,168]
[23,13,11,218,201,168]
[1,13,12,189,155,110]
[10,13,12,189,155,110]
[18,13,12,144,128,104]
[19,13,12,144,128,104]
[20,13,12,189,155,110]
[21,13,12,218,201,168]
[22,13,12,218,201,168]
[23,13,12,218,201,168]
[1,13,13,189,155,110]
[10,13,13,189,155,110]
[12,13,13,225,204,178]
[13,13,13,225,204,178]
[20,13,13,189,155,110]
[1,13,14,189,155,110]
[8,13,14,144,128,104]
[9,13,14,144,128,104]
[10,13,14,189,155,110]
[12,13,14,225,204,178]
[13,13,14,225,204,178]
[20,13,14,189,155,110]
[1,13,15,189,155,110]
[2,13,15,189,155,110]
[3,13,15,189,155,110]
[4,13,15,189,155,110]
[8,13,15,144,128,104]
[9,13,15,144,128,104]
[10,13,15,189,155,110]
[20,13,15,189,155,110]
[1,13,16,189,155,110]
[20,13,16,189,155,110]
[1,13,17,189,155,110]
[1,13,18,189,155,110]
[0,13,19,189,155,110]
[1,13,19,189,155,110]
[0,13,20,189,155,110]
[20,13,20,189,155,110]
[0,13,21,189,155,110]
[20,13,21,189,155,110]
[0,13,22,189,155,110]
[7,13,22,225,204,178]
[8,13,22,225,204,178]
[14,13,22,253,251,254]
[15,13,22,253,251,254]
[16,13,22,253,251,254]
[20,13,22,189,155,110]
[0,13,23,189,155,110]
[7,13,23,225,204,178]
[8,13,23,225,204,178]
[14,13,23,253,251,254]
[15,13,23,253,251,254]
[16,13,23,253,251,254]
[20,13,23,189,155,110]
[0,13,24,189,155,110]
[1,13,24,189,155,110]
[2,13,24,189,155,110]
[6,13,24,189,155,110]
[7,13,24,189,155,110]
[8,13,24,189,155,110]
[9,13,24,189,155,110]
[10,13,24,189,155,110]
[20,13,24,189,155,110]
[0,13,25,189,155,110]
[1,13,25,189,155,110]
[2,13,25,189,155,110]
[6,13,25,189,155,110]
[7,13,25,189,155,110]
[8,13,25,189,155,110]
[9,13,25,189,155,110]
[10,13,25,189,155,110]
[20,13,25,189,155,110]
[0,13,26,189,155,110]
[1,13,26,189,155,110]
[2,13,26,189,155,110]
[6,13,26,189,155,110]
[7,13,26,189,155,110]
[8,13,26,189,155,110]
[9,13,26,189,155,110]
[10,13,26,189,155,110]
[11,13,26,189,155,110]
[19,13,26,189,155,110]
[20,13,26,189,155,110]
[10,13,27,189,155,110]
[11,13,27,189,155,110]
[12,13,27,189,155,110]
[18,13,27,189,155,110]
[19,13,27,189,155,110]
[20,13,27,189,155,110]
[10,13,28,189,155,110]
[11,13,28,189,155,110]
[12,13,28,189,155,110]
[13,13,28,189,155,110]
[14,13,28,189,155,110]
[15,13,28,189,155,110]
[16,13,28,189,155,110]
[17,13,28,189,155,110]
[18,13,28,189,155,110]
[19,13,28,189,155,110]
[20,13,28,189,155,110]
[1,12,1,189,155,110]
[2,12,1,189,155,110]
[3,12,1,189,155,110]
[4,12,1,189,155,110]
[5,12,1,189,155,110]
[6,12,1,189,155,110]
[7,12,1,189,155,110]
[1,12,2,189,155,110]
[5,12,2,144,128,104]
[6,12,2,144,128,104]
[7,12,2,189,155,110]
[1,12,3,189,155,110]
[6,12,3,144,128,104]
[7,12,3,189,155,110]
[1,12,4,189,155,110]
[7,12,4,189,155,110]
[1,12,5,189,155,110]
[7,12,5,189,155,110]
[1,12,6,189,155,110]
[7,12,6,189,155,110]
[1,12,7,189,155,110]
[7,12,7,189,155,110]
[8,12,7,189,155,110]
[9,12,7,189,155,110]
[10,12,7,189,155,110]
[11,12,7,189,155,110]
[12,12,7,189,155,110]
[13,12,7,189,155,110]
[14,12,7,189,155,110]
[15,12,7,189,155,110]
[16,12,7,189,155,110]
[17,12,7,189,155,110]
[18,12,7,189,155,110]
[19,12,7,189,155,110]
[20,12,7,189,155,110]
[1,12,8,189,155,110]
[20,12,8,189,155,110]
[1,12,9,189,155,110]
[20,12,9,189,155,110]
[1,12,10,189,155,110]
[19,12,10,144,128,104]
[20,12,10,189,155,110]
[1,12,11,189,155,110]
[18,12,11,144,128,104]
[19,12,11,144,128,104]
[20,12,11,189,155,110]
[1,12,12,189,155,110]
[18,12,12,144,128,104]
[19,12,12,144,128,104]
[20,12,12,189,155,110]
[1,12,13,189,155,110]
[20,12,13,189,155,110]
[1,12,14,189,155,110]
[8,12,14,253,251,254]
[9,12,14,253,251,254]
[20,12,14,189,155,110]
[1,12,15,189,155,110]
[8,12,15,253,251,254]
[9,12,15,253,251,254]
[20,12,15,189,155,110]
[1,12,16,189,155,110]
[20,12,16,189,155,110]
[1,12,17,189,155,110]
[1,12,18,189,155,110]
[0,12,19,189,155,110]
[1,12,19,189,155,110]
[0,12,20,189,155,110]
[20,12,20,189,155,110]
[0,12,21,189,155,110]
[20,12,21,189,155,110]
[0,12,22,189,155,110]
[7,12,22,144,128,104]
[8,12,22,144,128,104]
[20,12,22,189,155,110]
[0,12,23,189,155,110]
[7,12,23,144,128,104]
[8,12,23,144,128,104]
[20,12,23,189,155,110]
[0,12,24,189,155,110]
[1,12,24,189,155,110]
[2,12,24,189,155,110]
[6,12,24,189,155,110]
[7,12,24,189,155,110]
[8,12,24,189,155,110]
[9,12,24,189,155,110]
[10,12,24,189,155,110]
[20,12,24,189,155,110]
[0,12,25,189,155,110]
[1,12,25,189,155,110]
[2,12,25,189,155,110]
[6,12,25,189,155,110]
[7,12,25,189,155,110]
[8,12,25,189,155,110]
[9,12,25,189,155,110]
[10,12,25,189,155,110]
[20,12,25,189,155,110]
[0,12,26,189,155,110]
[1,12,26,189,155,110]
[2,12,26,189,155,110]
[6,12,26,189,155,110]
[7,12,26,189,155,110]
[8,12,26,189,155,110]
[9,12,26,189,155,110]
[10,12,26,189,155,110]
[11,12,26,189,155,110]
[19,12,26,189,155,110]
[20,12,26,189,155,110]
[10,12,27,189,155,110]
[11,12,27,189,155,110]
[12,12,27,189,155,110]
[18,12,27,189,155,110]
[19,12,27,189,155,110]
[20,12,27,189,155,110]
[10,12,28,189,155,110]
[11,12,28,189,155,110]
[12,12,28,189,155,110]
[13,12,28,189,155,110]
[14,12,28,189,155,110]
[15,12,28,189,155,110]
[16,12,28,189,155,110]
[17,12,28,189,155,110]
[18,12,28,189,155,110]
[19,12,28,189,155,110]
[20,12,28,189,155,110]
[1,11,1,189,155,110]
[2,11,1,189,155,110]
[3,11,1,189,155,110]
[4,11,1,189,155,110]
[5,11,1,189,155,110]
[6,11,1,189,155,110]
[7,11,1,189,155,110]
[1,11,2,189,155,110]
[7,11,2,189,155,110]
[1,11,3,189,155,110]
[7,11,3,189,155,110]
[1,11,4,189,155,110]
[7,11,4,189,155,110]
[1,11,5,189,155,110]
[7,11,5,189,155,110]
[1,11,6,189,155,110]
[7,11,6,189,155,110]
[1,11,7,189,155,110]
[7,11,7,189,155,110]
[8,11,7,189,155,110]
[9,11,7,189,155,110]
[10,11,7,189,155,110]
[11,11,7,189,155,110]
[12,11,7,189,155,110]
[13,11,7,189,155,110]
[14,11,7,189,155,110]
[15,11,7,189,155,110]
[16,11,7,189,155,110]
[17,11,7,189,155,110]
[18,11,7,189,155,110]
[19,11,7,189,155,110]
[20,11,7,189,155,110]
[1,11,8,189,155,110]
[20,11,8,189,155,110]
[1,11,9,189,155,110]
[20,11,9,189,155,110]
[1,11,10,189,155,110]
[1,11,11,189,155,110]
[1,11,12,189,155,110]
[20,11,12,189,155,110]
[1,11,13,189,155,110]
[20,11,13,189,155,110]
[1,11,14,189,155,110]
[20,11,14,189,155,110]
[1,11,15,189,155,110]
[20,11,15,189,155,110]
[1,11,16,189,155,110]
[20,11,16,189,155,110]
[1,11,17,189,155,110]
[20,11,17,189,155,110]
[1,11,18,189,155,110]
[20,11,18,189,155,110]
[0,11,19,189,155,110]
[1,11,19,189,155,110]
[20,11,19,189,155,110]
[0,11,20,189,155,110]
[20,11,20,189,155,110]
[0,11,21,189,155,110]
[20,11,21,189,155,110]
[0,11,22,189,155,110]
[20,11,22,189,155,110]
[0,11,23,189,155,110]
[20,11,23,189,155,110]
[0,11,24,189,155,110]
[1,11,24,189,155,110]
[2,11,24,189,155,110]
[3,11,24,189,155,110]
[4,11,24,189,155,110]
[5,11,24,189,155,110]
[6,11,24,189,155,110]
[7,11,24,189,155,110]
[8,11,24,189,155,110]
[9,11,24,189,155,110]
[10,11,24,189,155,110]
[20,11,24,189,155,110]
[0,11,25,189,155,110]
[1,11,25,189,155,110]
[2,11,25,189,155,110]
[3,11,25,189,155,110]
[4,11,25,189,155,110]
[5,11,25,189,155,110]
[6,11,25,189,155,110]
[7,11,25,189,155,110]
[8,11,25,189,155,110]
[9,11,25,189,155,110]
[10,11,25,189,155,110]
[20,11,25,189,155,110]
[0,11,26,189,155,110]
[1,11,26,189,155,110]
[2,11,26,189,155,110]
[3,11,26,189,155,110]
[4,11,26,189,155,110]
[5,11,26,189,155,110]
[6,11,26,189,155,110]
[7,11,26,189,155,110]
[8,11,26,189,155,110]
[9,11,26,189,155,110]
[10,11,26,189,155,110]
[11,11,26,189,155,110]
[19,11,26,189,155,110]
[20,11,26,189,155,110]
[10,11,27,189,155,110]
[11,11,27,189,155,110]
[12,11,27,189,155,110]
[18,11,27,189,155,110]
[19,11,27,189,155,110]
[20,11,27,189,155,110]
[10,11,28,189,155,110]
[11,11,28,189,155,110]
[12,11,28,189,155,110]
[13,11,28,189,155,110]
[14,11,28,189,155,110]
[15,11,28,189,155,110]
[16,11,28,189,155,110]
[17,11,28,189,155,110]
[18,11,28,189,155,110]
[19,11,28,189,155,110]
[20,11,28,189,155,110]
[1,10,1,189,155,110]
[2,10,1,189,155,110]
[3,10,1,189,155,110]
[4,10,1,189,155,110]
[5,10,1,189,155,110]
[6,10,1,189,155,110]
[7,10,1,189,155,110]
[1,10,2,189,155,110]
[7,10,2,189,155,110]
[1,10,3,189,155,110]
[7,10,3,189,155,110]
[1,10,4,189,155,110]
[7,10,4,189,155,110]
[1,10,5,189,155,110]
[7,10,5,189,155,110]
[1,10,6,189,155,110]
[7,10,6,189,155,110]
[1,10,7,189,155,110]
[7,10,7,189,155,110]
[8,10,7,189,155,110]
[9,10,7,189,155,110]
[10,10,7,189,155,110]
[11,10,7,189,155,110]
[12,10,7,189,155,110]
[13,10,7,189,155,110]
[14,10,7,189,155,110]
[15,10,7,189,155,110]
[16,10,7,189,155,110]
[17,10,7,189,155,110]
[18,10,7,189,155,110]
[19,10,7,189,155,110]
[20,10,7,189,155,110]
[1,10,8,189,155,110]
[20,10,8,189,155,110]
[1,10,9,189,155,110]
[20,10,9,189,155,110]
[1,10,10,189,155,110]
[1,10,11,189,155,110]
[1,10,12,189,155,110]
[20,10,12,189,155,110]
[1,10,13,189,155,110]
[20,10,13,189,155,110]
[1,10,14,189,155,110]
[20,10,14,189,155,110]
[1,10,15,189,155,110]
[20,10,15,189,155,110]
[1,10,16,189,155,110]
[20,10,16,189,155,110]
[1,10,17,189,155,110]
[20,10,17,189,155,110]
[1,10,18,189,155,110]
[20,10,18,189,155,110]
[0,10,19,189,155,110]
[1,10,19,189,155,110]
[20,10,19,189,155,110]
[0,10,20,189,155,110]
[20,10,20,189,155,110]
[0,10,21,189,155,110]
[20,10,21,189,155,110]
[0,10,22,189,155,110]
[20,10,22,189,155,110]
[0,10,23,189,155,110]
[20,10,23,189,155,110]
[0,10,24,189,155,110]
[1,10,24,189,155,110]
[2,10,24,189,155,110]
[3,10,24,189,155,110]
[4,10,24,189,155,110]
[5,10,24,189,155,110]
[6,10,24,189,155,110]
[7,10,24,189,155,110]
[8,10,24,189,155,110]
[9,10,24,189,155,110]
[10,10,24,189,155,110]
[20,10,24,189,155,110]
[0,10,25,189,155,110]
[1,10,25,189,155,110]
[2,10,25,189,155,110]
[3,10,25,189,155,110]
[4,10,25,189,155,110]
[5,10,25,189,155,110]
[6,10,25,189,155,110]
[7,10,25,189,155,110]
[8,10,25,189,155,110]
[9,10,25,189,155,110]
[10,10,25,189,155,110]
[20,10,25,189,155,110]
[0,10,26,189,155,110]
[1,10,26,189,155,110]
[2,10,26,189,155,110]
[3,10,26,189,155,110]
[4,10,26,189,155,110]
[5,10,26,189,155,110]
[6,10,26,189,155,110]
[7,10,26,189,155,110]
[8,10,26,189,155,110]
[9,10,26,189,155,110]
[10,10,26,189,155,110]
[11,10,26,189,155,110]
[19,10,26,189,155,110]
[20,10,26,189,155,110]
[10,10,27,189,155,110]
[11,10,27,189,155,110]
[12,10,27,189,155,110]
[18,10,27,189,155,110]
[19,10,27,189,155,110]
[20,10,27,189,155,110]
[10,10,28,189,155,110]
[11,10,28,189,155,110]
[12,10,28,189,155,110]
[13,10,28,189,155,110]
[14,10,28,189,155,110]
[15,10,28,189,155,110]
[16,10,28,189,155,110]
[17,10,28,189,155,110]
[18,10,28,189,155,110]
[19,10,28,189,155,110]
[20,10,28,189,155,110]
